$ANSIBLE_VAULT;1.1;AES256
31303637613066323836656466613062346334636561626133623230356131353834356237663931
3565633535363831356162366565336538353732326266650a633961626664383862643564373062
34336363353630633333356139666232653233613539303033323763386361383066373065363039
3666633830356562370a316262323334646336646139363533376530343466353437653738623939
31353865626439316462373961373936396661633865333432613934656365646662663166363333
31383764326339623330313164373637396335636139313065393666633838633431323664356533
35613333643665393762666366613736386462343337633637353964303738383366343361343437
39313430623662353335363662383130363661616436326530303432643038643838656534393966
36613061626434613732343739363863633163353330313834383038653131356338386238323765
36363738306162656631326466383137343234366564613463383063656132313230383831343131
39313765616535323434636338393237623664303435316537363363663666663239373566666361
38393732336337343932356233373234666465306239316563376431393839613837393066373634
64636261363236353338343263613863326532313932636466316539353462353662383032613639
36653165383264613239613135316565356461343861636239356536363538663663656438663633
64633763303133303031653935353363376236346537373030653436633236303963626333363234
34393565636432636531306232316539376534353364376665636266313732623937393530616563
33656264633931366239363264393139306666646565326439316136386562333765313234663036
36663163616631353836366135613139356461613061393632646366383537643263616563373239
64626532623833633837316233393037666531313764653661656635616464316462643933663631
65663439333464343866666137313566646234376665303436623238363530323334653034386338
38633738663364336534393162336466383239376338623331323832363864623237313961363963
30616666326537346131336665336661643133323733373136393066633337333639633364323734
32663838356230613861616666663265316561653732376662633837653534616536363535333736
39343030373736336564653061373736353066643231303839393435343265323332663739653166
3832
